0.000000 100.000000 100.000000
0.020000 99.802673 4.136299
0.040000 99.211470 0.170747
0.060000 98.228725 0.007033
0.080000 96.858316 0.000289
0.100000 95.105652 0.000012
0.120000 92.977649 0.000000
0.140000 90.482705 0.000000
0.160000 87.630668 0.000000
0.180000 84.432793 0.000000
0.200000 80.901699 0.000000
0.220000 77.051324 0.000000
0.240000 72.896863 0.000000
0.260000 68.454711 0.000000
0.280000 63.742399 0.000000
0.300000 58.778525 0.000000
0.320000 53.582679 0.000000
0.340000 48.175367 0.000000
0.360000 42.577929 0.000000
0.380000 36.812455 0.000000
0.400000 30.901699 0.000000
0.420000 24.868989 0.000000
0.440000 18.738131 0.000000
0.460000 12.533323 0.000000
0.480000 6.279052 -0.000000
0.500000 0.000000 -0.000000
0.520000 -6.279052 -0.000000
0.540000 -12.533323 -0.000000
0.560000 -18.738131 -0.000000
0.580000 -24.868989 -0.000000
0.600000 -30.901699 -0.000000
0.620000 -36.812455 -0.000000
0.640000 -42.577929 -0.000000
0.660000 -48.175367 -0.000000
0.680000 -53.582679 -0.000000
0.700000 -58.778525 -0.000000
0.720000 -63.742399 -0.000000
0.740000 -68.454711 -0.000000
0.760000 -72.896863 -0.000000
0.780000 -77.051324 -0.000000
0.800000 -80.901699 -0.000000
0.820000 -84.432793 -0.000000
0.840000 -87.630668 -0.000000
0.860000 -90.482705 -0.000000
0.880000 -92.977649 -0.000000
0.900000 -95.105652 -0.000000
0.920000 -96.858316 -0.000000
0.940000 -98.228725 -0.000000
0.960000 -99.211470 -0.000000
0.980000 -99.802673 -0.000000
