0.000000 1.000000 0.000000
0.010000 0.894340 -0.179892
0.020000 0.785461 -0.359137
0.030000 0.673755 -0.537089
0.040000 0.559625 -0.713108
0.050000 0.443480 -0.886561
0.060000 0.325740 -1.056823
0.070000 0.206827 -1.223281
0.080000 0.087170 -1.385338
0.090000 -0.032801 -1.542408
0.100000 -0.152654 -1.693927
0.110000 -0.271957 -1.839351
0.120000 -0.390282 -1.978154
0.130000 -0.507202 -2.109838
0.140000 -0.622297 -2.233929
0.150000 -0.735152 -2.349981
0.160000 -0.845361 -2.457575
0.170000 -0.952528 -2.556324
0.180000 -1.056267 -2.645873
0.190000 -1.156205 -2.725900
0.200000 -1.251981 -2.796117
0.210000 -1.343252 -2.856271
0.220000 -1.429688 -2.906145
0.230000 -1.510979 -2.945561
0.240000 -1.586833 -2.974375
0.250000 -1.656975 -2.992485
0.260000 -1.721154 -2.999825
0.270000 -1.779138 -2.996369
0.280000 -1.830720 -2.982130
0.290000 -1.875713 -2.957158
0.300000 -1.913956 -2.921543
0.310000 -1.945310 -2.875414
0.320000 -1.969663 -2.818936
0.330000 -1.986928 -2.752314
0.340000 -1.997042 -2.675786
0.350000 -1.999969 -2.589628
0.360000 -1.995698 -2.494150
0.370000 -1.984244 -2.389696
0.380000 -1.965650 -2.276642
0.390000 -1.939981 -2.155394
0.400000 -1.907330 -2.026390
0.410000 -1.867815 -1.890092
0.420000 -1.821578 -1.746992
0.430000 -1.768786 -1.597605
0.440000 -1.709627 -1.442468
0.450000 -1.644316 -1.282140
0.460000 -1.573087 -1.117197
0.470000 -1.496196 -0.948234
0.480000 -1.413921 -0.775858
0.490000 -1.326557 -0.600690
0.500000 -1.234420 -0.423360
0.510000 -1.137839 -0.244506
0.520000 -1.037164 -0.064773
0.530000 -0.932755 0.115194
0.540000 -0.824990 0.294746
0.550000 -0.714256 0.473237
0.560000 -0.600952 0.650025
0.570000 -0.485484 0.824474
0.580000 -0.368269 0.995956
0.590000 -0.249729 1.163853
0.600000 -0.130291 1.327561
0.610000 -0.010383 1.486492
0.620000 0.109562 1.640073
0.630000 0.229113 1.787752
0.640000 0.347839 1.928996
0.650000 0.465314 2.063298
0.660000 0.581113 2.190175
0.670000 0.694822 2.309169
0.680000 0.806029 2.419853
0.690000 0.914336 2.521828
0.700000 1.019353 2.614727
0.710000 1.120700 2.698216
0.720000 1.218015 2.771994
0.730000 1.310946 2.835797
0.740000 1.399159 2.889393
0.750000 1.482336 2.932590
0.760000 1.560179 2.965234
0.770000 1.632406 2.987206
0.780000 1.698759 2.998427
0.790000 1.758998 2.998857
0.800000 1.812907 2.988494
0.810000 1.860291 2.967376
0.820000 1.900980 2.935578
0.830000 1.934827 2.893216
0.840000 1.961712 2.840441
0.850000 1.981536 2.777444
0.860000 1.994229 2.704451
0.870000 1.999744 2.621725
0.880000 1.998063 2.529563
0.890000 1.989191 2.428298
0.900000 1.973160 2.318293
0.910000 1.950028 2.199946
0.920000 1.919878 2.073680
0.930000 1.882818 1.939952
0.940000 1.838982 1.799242
0.950000 1.788528 1.652057
0.960000 1.731637 1.498926
0.970000 1.668514 1.340400
0.980000 1.599386 1.177051
0.990000 1.524503 1.009465
1.000000 1.444132 0.838246
1.010000 1.358564 0.664011
1.020000 1.268107 0.487386
1.030000 1.173086 0.309007
1.040000 1.073844 0.129516
1.050000 0.970736 -0.050442
1.060000 0.864135 -0.230218
1.070000 0.754424 -0.409165
1.080000 0.641998 -0.586640
1.090000 0.527261 -0.762003
1.100000 0.410627 -0.934624
1.110000 0.292515 -1.103882
1.120000 0.173350 -1.269166
1.130000 0.053562 -1.429883
1.140000 -0.066420 -1.585454
1.150000 -0.186162 -1.735319
1.160000 -0.305234 -1.878939
1.170000 -0.423208 -2.015797
1.180000 -0.539659 -2.145400
1.190000 -0.654167 -2.267282
1.200000 -0.766322 -2.381004
1.210000 -0.875718 -2.486157
1.220000 -0.981963 -2.582362
1.230000 -1.084673 -2.669274
1.240000 -1.183481 -2.746579
1.250000 -1.278028 -2.814000
1.260000 -1.367977 -2.871293
1.270000 -1.453002 -2.918253
1.280000 -1.532797 -2.954710
1.290000 -1.607077 -2.980533
1.300000 -1.675572 -2.995630
1.310000 -1.738038 -2.999946
1.320000 -1.794248 -2.993465
1.330000 -1.844001 -2.976211
1.340000 -1.887118 -2.948245
1.350000 -1.923443 -2.909669
1.360000 -1.952845 -2.860622
1.370000 -1.975220 -2.801279
1.380000 -1.990486 -2.731855
1.390000 -1.998588 -2.652599
1.400000 -1.999497 -2.563797
1.410000 -1.993211 -2.465767
1.420000 -1.979751 -2.358864
1.430000 -1.959166 -2.243471
1.440000 -1.931530 -2.120004
1.450000 -1.896943 -1.988908
1.460000 -1.855529 -1.850653
1.470000 -1.807437 -1.705738
1.480000 -1.752840 -1.554685
1.490000 -1.691935 -1.398036
1.500000 -1.624940 -1.236355
1.510000 -1.552098 -1.070226
1.520000 -1.473670 -0.900244
1.530000 -1.389938 -0.727023
1.540000 -1.301204 -0.551185
1.550000 -1.207787 -0.373363
1.560000 -1.110023 -0.194198
1.570000 -1.008264 -0.014334
1.580000 -0.902877 0.165582
1.590000 -0.794240 0.344902
1.600000 -0.682745 0.522980
1.610000 -0.568793 0.699177
1.620000 -0.452793 0.872857
1.630000 -0.335165 1.043396
1.640000 -0.216329 1.210179
1.650000 -0.096716 1.372608
1.660000 0.023246 1.530096
1.670000 0.143124 1.682078
1.680000 0.262487 1.828006
1.690000 0.380905 1.967355
1.700000 0.497953 2.099624
1.710000 0.613208 2.224337
1.720000 0.726257 2.341044
1.730000 0.836691 2.449326
1.740000 0.944115 2.548793
1.750000 1.048141 2.639087
1.760000 1.148394 2.719884
1.770000 1.244515 2.790891
1.780000 1.336157 2.851855
1.790000 1.422990 2.902555
1.800000 1.504701 2.942809
1.810000 1.580998 2.972472
1.820000 1.651605 2.991437
1.830000 1.716267 2.999636
1.840000 1.774753 2.997040
1.850000 1.826852 2.983658
1.860000 1.872376 2.959538
1.870000 1.911161 2.924766
1.880000 1.943068 2.879469
1.890000 1.967983 2.823809
1.900000 1.985815 2.757986
1.910000 1.996500 2.682237
1.920000 1.999999 2.596835
1.930000 1.996301 2.502087
1.940000 1.985419 2.398335
1.950000 1.967391 2.285951
1.960000 1.942282 2.165340
1.970000 1.910184 2.036936
1.980000 1.871210 1.901202
1.990000 1.825503 1.758625
2.000000 1.773226 1.609719
2.010000 1.714566 1.455020
2.020000 1.649737 1.295084
2.030000 1.578970 1.130487
2.040000 1.502520 0.961822
2.050000 1.420663 0.789695
2.060000 1.333694 0.614727
2.070000 1.241924 0.437546
2.080000 1.145685 0.258790
2.090000 1.045322 0.079103
2.100000 0.941198 -0.100869
2.110000 0.833686 -0.280478
2.120000 0.723174 -0.459077
2.130000 0.610059 -0.636025
2.140000 0.494749 -0.810683
2.150000 0.377658 -0.982423
2.160000 0.259208 -1.150628
2.170000 0.139825 -1.314692
2.180000 0.019938 -1.474025
2.190000 -0.100019 -1.628052
2.200000 -0.219617 -1.776221
2.210000 -0.338425 -1.917996
2.220000 -0.456015 -2.052870
2.230000 -0.571963 -2.180355
2.240000 -0.685853 -2.299993
2.250000 -0.797275 -2.411353
2.260000 -0.905827 -2.514036
2.270000 -1.011120 -2.607670
2.280000 -1.112773 -2.691920
2.290000 -1.210422 -2.766482
2.300000 -1.303714 -2.831087
2.310000 -1.392314 -2.885504
2.320000 -1.475904 -2.929535
2.330000 -1.554182 -2.963024
2.340000 -1.626867 -2.985849
2.350000 -1.693696 -2.997928
2.360000 -1.754430 -2.999218
2.370000 -1.808850 -2.989714
2.380000 -1.856761 -2.969450
2.390000 -1.897989 -2.938499
2.400000 -1.932386 -2.896973
2.410000 -1.959828 -2.845021
2.420000 -1.980218 -2.782830
2.430000 -1.993480 -2.710624
2.440000 -1.999569 -2.628662
2.450000 -1.998461 -2.537240
2.460000 -1.990161 -2.436687
2.470000 -1.974698 -2.327365
2.480000 -1.952129 -2.209666
2.490000 -1.922534 -2.084015
2.500000 -1.886019 -1.950864
2.510000 -1.842718 -1.810691
2.520000 -1.792784 -1.664002
2.530000 -1.736399 -1.511325
2.540000 -1.673764 -1.353208
2.550000 -1.605106 -1.190222
2.560000 -1.530671 -1.022952
2.570000 -1.450727 -0.852000
2.580000 -1.365562 -0.677982
2.590000 -1.275482 -0.501524
2.600000 -1.180812 -0.323261
2.610000 -1.081893 -0.143835
2.620000 -0.979080 0.036109
2.630000 -0.872743 0.215923
2.640000 -0.763265 0.394960
2.650000 -0.651041 0.572576
2.660000 -0.536473 0.748131
2.670000 -0.419975 0.920993
2.680000 -0.301965 1.090541
2.690000 -0.182868 1.256164
2.700000 -0.063114 1.417266
2.710000 0.056868 1.573268
2.720000 0.176645 1.723607
2.730000 0.295787 1.867743
2.740000 0.413864 2.005158
2.750000 0.530451 2.135356
2.760000 0.645130 2.257869
2.770000 0.757486 2.372256
2.780000 0.867117 2.478106
2.790000 0.973627 2.575037
2.800000 1.076633 2.662701
2.810000 1.175764 2.740782
2.820000 1.270663 2.808999
2.830000 1.360990 2.867107
2.840000 1.446419 2.914896
2.850000 1.526642 2.952195
2.860000 1.601370 2.978869
2.870000 1.670336 2.994822
2.880000 1.733290 2.999998
2.890000 1.790006 2.994376
2.900000 1.840280 2.977978
2.910000 1.883931 2.950863
2.920000 1.920802 2.913127
2.930000 1.950760 2.864908
2.940000 1.973698 2.806377
2.950000 1.989532 2.737747
2.960000 1.998206 2.659264
2.970000 1.999689 2.571211
2.980000 1.993975 2.473904
2.990000 1.981085 2.367693
3.000000 1.961065 2.252962
3.010000 1.933987 2.130122
3.020000 1.899949 1.999616
3.030000 1.859074 1.861914
3.040000 1.811507 1.717510
3.050000 1.757422 1.566926
3.060000 1.697011 1.410702
3.070000 1.630493 1.249401
3.080000 1.558107 1.083604
3.090000 1.480113 0.913907
3.100000 1.396793 0.740921
3.110000 1.308446 0.565268
3.120000 1.215390 0.387581
3.130000 1.117959 0.208500
3.140000 1.016505 0.028667
3.150000 0.911393 -0.151268
3.160000 0.803001 -0.330659
3.170000 0.691719 -0.508860
3.180000 0.577948 -0.685230
3.190000 0.462096 -0.859133
3.200000 0.344581 -1.029945
3.210000 0.225827 -1.197050
3.220000 0.106259 -1.359847
3.230000 -0.013690 -1.517749
3.240000 -0.133591 -1.670190
3.250000 -0.253011 -1.816620
3.260000 -0.371520 -1.956511
3.270000 -0.488692 -2.089362
3.280000 -0.604106 -2.214693
3.290000 -0.717345 -2.332054
3.300000 -0.828002 -2.441021
3.310000 -0.935680 -2.541204
3.320000 -1.039990 -2.632241
3.330000 -1.140558 -2.713805
3.340000 -1.237020 -2.785602
3.350000 -1.329031 -2.847374
3.360000 -1.416259 -2.898898
3.370000 -1.498389 -2.939990
3.380000 -1.575127 -2.970500
3.390000 -1.646197 -2.990320
3.400000 -1.711341 -2.999379
3.410000 -1.770327 -2.997642
3.420000 -1.822941 -2.985118
3.430000 -1.868995 -2.961850
3.440000 -1.908323 -2.927923
3.450000 -1.940782 -2.883458
3.460000 -1.966257 -2.828616
3.470000 -1.984656 -2.763594
3.480000 -1.995912 -2.688626
3.490000 -1.999984 -2.603982
3.500000 -1.996859 -2.509967
3.510000 -1.986548 -2.406918
3.520000 -1.969087 -2.295207
3.530000 -1.944539 -2.175236
3.540000 -1.912993 -2.047436
3.550000 -1.874563 -1.912268
3.560000 -1.829386 -1.770217
3.570000 -1.777625 -1.621796
3.580000 -1.719467 -1.467538
3.590000 -1.655120 -1.307998
3.600000 -1.584817 -1.143751
3.610000 -1.508810 -0.975388
3.620000 -1.427373 -0.803515
3.630000 -1.340799 -0.628749
3.640000 -1.249400 -0.451721
3.650000 -1.153504 -0.273067
3.660000 -1.053457 -0.093431
3.670000 -0.949619 0.086542
3.680000 -0.842363 0.266204
3.690000 -0.732075 0.444907
3.700000 -0.619152 0.622009
3.710000 -0.504002 0.796873
3.720000 -0.387037 0.968869
3.730000 -0.268680 1.137378
3.740000 -0.149356 1.301793
3.750000 -0.029494 1.461524
3.760000 0.090474 1.615994
3.770000 0.210117 1.764649
3.780000 0.329003 1.906953
3.790000 0.446705 2.042394
3.800000 0.562800 2.170484
3.810000 0.676869 2.290763
3.820000 0.788502 2.402798
3.830000 0.897297 2.506186
3.840000 1.002863 2.600553
3.850000 1.104820 2.685562
3.860000 1.202801 2.760906
3.870000 1.296452 2.826313
3.880000 1.385438 2.881548
3.890000 1.469438 2.926414
3.900000 1.548150 2.960747
3.910000 1.621290 2.984424
3.920000 1.688595 2.997361
3.930000 1.749823 2.999511
3.940000 1.804753 2.990866
3.950000 1.853188 2.971457
3.960000 1.894954 2.941353
3.970000 1.929900 2.900664
3.980000 1.957900 2.849536
3.990000 1.978854 2.788153
4.000000 1.992687 2.716735
4.010000 1.999348 2.635540
4.020000 1.998813 2.544860
4.030000 1.991085 2.445021
4.040000 1.976191 2.336383
4.050000 1.954184 2.219336
4.060000 1.925145 2.094302
4.070000 1.889178 1.961730
4.080000 1.846411 1.822099
4.090000 1.797000 1.675910
4.100000 1.741121 1.523690
4.110000 1.678976 1.365986
4.120000 1.610788 1.203366
4.130000 1.536804 1.036415
4.140000 1.457288 0.865734
4.150000 1.372528 0.691937
4.160000 1.282828 0.515650
4.170000 1.188512 0.337508
4.180000 1.089918 0.158150
4.190000 0.987401 -0.021776
4.200000 0.881331 -0.201624
4.210000 0.772089 -0.380747
4.220000 0.660069 -0.558499
4.230000 0.545673 -0.734241
4.240000 0.429313 -0.907341
4.250000 0.311408 -1.077175
4.260000 0.192382 -1.243133
4.270000 0.072664 -1.404616
4.280000 -0.047316 -1.561045
4.290000 -0.167125 -1.711855
4.300000 -0.286333 -1.856505
4.310000 -0.404510 -1.994473
4.320000 -0.521232 -2.125264
4.330000 -0.636077 -2.248405
4.340000 -0.748634 -2.363455
4.350000 -0.858496 -2.469999
4.360000 -0.965269 -2.567654
4.370000 -1.068567 -2.656067
4.380000 -1.168020 -2.734922
4.390000 -1.263269 -2.803934
4.400000 -1.353972 -2.862855
4.410000 -1.439802 -2.911473
4.420000 -1.520451 -2.949613
4.430000 -1.595627 -2.977137
4.440000 -1.665061 -2.993947
4.450000 -1.728502 -2.999981
4.460000 -1.785723 -2.995219
4.470000 -1.836517 -2.979678
4.480000 -1.880702 -2.953413
4.490000 -1.918118 -2.916518
4.500000 -1.948631 -2.869128
4.510000 -1.972130 -2.811411
4.520000 -1.988533 -2.743577
4.530000 -1.997779 -2.665869
4.540000 -1.999835 -2.578566
4.550000 -1.994693 -2.481984
4.560000 -1.982373 -2.376469
4.570000 -1.962919 -2.262401
4.580000 -1.936400 -2.140191
4.590000 -1.902912 -2.010279
4.600000 -1.862576 -1.873131
4.610000 -1.815536 -1.729243
4.620000 -1.761963 -1.579131
4.630000 -1.702048 -1.423336
4.640000 -1.636008 -1.262419
4.650000 -1.564080 -1.096958
4.660000 -1.486523 -0.927549
4.670000 -1.403616 -0.754802
4.680000 -1.315658 -0.579339
4.690000 -1.222965 -0.401791
4.700000 -1.125870 -0.222796
4.710000 -1.024723 -0.043000
4.720000 -0.919889 0.136951
4.730000 -0.811744 0.316409
4.740000 -0.700677 0.494728
4.750000 -0.587089 0.671267
4.760000 -0.471388 0.845390
4.770000 -0.353991 1.016470
4.780000 -0.235319 1.183893
4.790000 -0.115801 1.347054
4.800000 0.004135 1.505368
4.810000 0.124055 1.658264
4.820000 0.243529 1.805192
4.830000 0.362126 1.945623
4.840000 0.479420 2.079052
4.850000 0.594989 2.204999
4.860000 0.708417 2.323010
4.870000 0.819294 2.432661
4.880000 0.927224 2.533557
4.890000 1.031816 2.625334
4.900000 1.132695 2.707664
4.910000 1.229497 2.780249
4.920000 1.321875 2.842827
4.930000 1.409495 2.895175
4.940000 1.492043 2.937103
4.950000 1.569221 2.968461
4.960000 1.640751 2.989136
4.970000 1.706376 2.999053
4.980000 1.765861 2.998176
4.990000 1.818990 2.986510
5.000000 1.865572 2.964095
5.010000 1.905441 2.931012
5.020000 1.938452 2.887382
5.030000 1.964487 2.833359
5.040000 1.983452 2.769140
5.050000 1.995278 2.694955
5.060000 1.999924 2.611071
5.070000 1.997372 2.517789
5.080000 1.987632 2.415447
5.090000 1.970738 2.304411
5.100000 1.946752 2.185082
5.110000 1.915759 2.057889
5.120000 1.877872 1.923290
5.130000 1.833227 1.781770
5.140000 1.781984 1.633836
5.150000 1.724328 1.480023
5.160000 1.660466 1.320883
5.170000 1.590628 1.156990
5.180000 1.515066 0.988932
5.190000 1.434051 0.817316
5.200000 1.347875 0.642758
5.210000 1.256848 0.465886
5.220000 1.161298 0.287338
5.230000 1.061568 0.107756
5.240000 0.958018 -0.072213
5.250000 0.851020 -0.251923
5.260000 0.740959 -0.430727
5.270000 0.628232 -0.607980
5.280000 0.513244 -0.783045
5.290000 0.396408 -0.955292
5.300000 0.278146 -1.124101
5.310000 0.158883 -1.288864
5.320000 0.039048 -1.448989
5.330000 -0.080927 -1.603899
5.340000 -0.200611 -1.753037
5.350000 -0.319574 -1.895866
5.360000 -0.437386 -2.031871
5.370000 -0.553624 -2.160564
5.380000 -0.667869 -2.281482
5.390000 -0.779711 -2.394188
5.400000 -0.888747 -2.498278
5.410000 -0.994584 -2.593377
5.420000 -1.096842 -2.679143
5.430000 -1.195152 -2.755267
5.440000 -1.289161 -2.821474
5.450000 -1.378531 -2.877527
5.460000 -1.462939 -2.923225
5.470000 -1.542082 -2.958402
5.480000 -1.615676 -2.982932
5.490000 -1.683455 -2.996726
5.500000 -1.745175 -2.999736
5.510000 -1.800614 -2.991949
5.520000 -1.849573 -2.973395
5.530000 -1.891876 -2.944140
5.540000 -1.927370 -2.904289
5.550000 -1.955928 -2.853986
5.560000 -1.977446 -2.793412
5.570000 -1.991848 -2.722784
5.580000 -1.999081 -2.642357
5.590000 -1.999119 -2.552421
5.600000 -1.991963 -2.453299
5.610000 -1.977638 -2.345347
5.620000 -1.956196 -2.228955
5.630000 -1.927713 -2.104541
5.640000 -1.892293 -1.972553
5.650000 -1.850063 -1.833465
5.660000 -1.801174 -1.687780
5.670000 -1.745803 -1.536020
5.680000 -1.684149 -1.378732
5.690000 -1.616434 -1.216482
5.700000 -1.542901 -1.049854
5.710000 -1.463816 -0.879448
5.720000 -1.379463 -0.705877
5.730000 -1.290145 -0.529765
5.740000 -1.196184 -0.351747
5.750000 -1.097917 -0.172462
5.760000 -0.995700 0.007442
5.770000 -0.889899 0.187320
5.780000 -0.780896 0.366524
5.790000 -0.669082 0.544409
5.800000 -0.554860 0.720335
5.810000 -0.438641 0.893668
5.820000 -0.320844 1.063785
5.830000 -0.201891 1.230073
5.840000 -0.082213 1.391935
5.850000 0.037762 1.548787
5.860000 0.157601 1.700065
5.870000 0.276872 1.845224
5.880000 0.395147 1.983743
5.890000 0.512000 2.115123
5.900000 0.627010 2.238890
5.910000 0.739764 2.354600
5.920000 0.849855 2.461836
5.930000 0.956888 2.560211
5.940000 1.060477 2.649373
5.950000 1.160250 2.729000
5.960000 1.255847 2.798805
5.970000 1.346924 2.858538
5.980000 1.433153 2.907983
5.990000 1.514225 2.946963
6.000000 1.589848 2.975337
6.010000 1.659748 2.993002
6.020000 1.723676 2.999896
6.030000 1.781399 2.995994
6.040000 1.832712 2.981309
6.050000 1.877429 2.955895
6.060000 1.915389 2.919843
6.070000 1.946456 2.873283
6.080000 1.970518 2.816381
6.090000 1.987488 2.749344
6.100000 1.997306 2.672412
6.110000 1.999935 2.585863
6.120000 1.995366 2.490007
6.130000 1.983616 2.385190
6.140000 1.964728 2.271788
6.150000 1.938768 2.150211
6.160000 1.905832 2.020895
6.170000 1.866036 1.884307
6.180000 1.819524 1.740936
6.190000 1.766464 1.591300
6.200000 1.707047 1.435938
6.210000 1.641486 1.275407
6.220000 1.570018 1.110287
6.230000 1.492899 0.941170
6.240000 1.410408 0.768666
6.250000 1.322840 0.593396
6.260000 1.230512 0.415991
6.270000 1.133755 0.237088
6.280000 1.032918 0.057332
6.290000 0.928364 -0.122630
6.300000 0.820468 -0.302151
6.310000 0.709620 -0.480585
6.320000 0.596217 -0.657289
6.330000 0.480669 -0.831627
6.340000 0.363391 -1.002973
6.350000 0.244806 -1.170709
6.360000 0.125339 -1.334231
6.370000 0.005421 -1.492952
6.380000 -0.114516 -1.646300
6.390000 -0.234041 -1.793723
6.400000 -0.352724 -1.934690
6.410000 -0.470138 -2.068695
6.420000 -0.585859 -2.195254
6.430000 -0.699472 -2.313913
6.440000 -0.810568 -2.424245
6.450000 -0.918746 -2.525852
6.460000 -1.023618 -2.618368
6.470000 -1.124806 -2.701461
6.480000 -1.221946 -2.774832
6.490000 -1.314689 -2.838216
6.500000 -1.402700 -2.891386
6.510000 -1.485662 -2.934150
6.520000 -1.563278 -2.966354
6.530000 -1.635268 -2.987883
6.540000 -1.701372 -2.998658
6.550000 -1.761354 -2.998642
6.560000 -1.814996 -2.987833
6.570000 -1.862107 -2.966272
6.580000 -1.902516 -2.934035
6.590000 -1.936078 -2.891239
6.600000 -1.962672 -2.838038
6.610000 -1.982202 -2.774622
6.620000 -1.994599 -2.701221
6.630000 -1.999818 -2.618099
6.640000 -1.997839 -2.525554
6.650000 -1.988670 -2.423920
6.660000 -1.972344 -2.313563
6.670000 -1.948920 -2.194879
6.680000 -1.918482 -2.068296
6.690000 -1.881139 -1.934269
6.700000 -1.837026 -1.793281
6.710000 -1.786302 -1.645839
6.720000 -1.729149 -1.492474
6.730000 -1.665773 -1.333738
6.740000 -1.596403 -1.170201
6.750000 -1.521286 -1.002454
6.760000 -1.440695 -0.831098
6.770000 -1.354919 -0.656751
6.780000 -1.264267 -0.480041
6.790000 -1.169064 -0.301603
6.800000 -1.069654 -0.122080
6.810000 -0.966395 0.057883
6.820000 -0.859658 0.237637
6.830000 -0.749827 0.416536
6.840000 -0.637297 0.593936
6.850000 -0.522474 0.769199
6.860000 -0.405770 0.941693
6.870000 -0.287606 1.110798
6.880000 -0.168407 1.275906
6.890000 -0.048602 1.436421
6.900000 0.071378 1.591768
6.910000 0.191101 1.741385
6.920000 0.310137 1.884735
6.930000 0.428056 2.021302
6.940000 0.544435 2.150595
6.950000 0.658854 2.272148
6.960000 0.770902 2.385524
6.970000 0.880176 2.490314
6.980000 0.986282 2.586142
6.990000 1.088839 2.672663
7.000000 1.187477 2.749565
7.010000 1.281841 2.816571
7.020000 1.371592 2.873441
7.030000 1.456407 2.919969
7.040000 1.535980 2.955989
7.050000 1.610025 2.981371
7.060000 1.678276 2.996022
7.070000 1.740487 2.999892
7.080000 1.796435 2.992965
7.090000 1.845916 2.975266
7.100000 1.888755 2.946860
7.110000 1.924796 2.907848
7.120000 1.953910 2.858371
7.130000 1.975992 2.798607
7.140000 1.990963 2.728771
7.150000 1.998768 2.649115
7.160000 1.999380 2.559924
7.170000 1.992796 2.461521
7.180000 1.979041 2.354258
7.190000 1.958163 2.238523
7.200000 1.930237 2.114732
7.210000 1.895365 1.983330
7.220000 1.853672 1.844790
7.230000 1.805307 1.699611
7.240000 1.750445 1.548315
7.250000 1.689284 1.391447
7.260000 1.622043 1.229571
7.270000 1.548964 1.063270
7.280000 1.470311 0.893142
7.290000 1.386366 0.719800
7.300000 1.297432 0.543867
7.310000 1.203828 0.365978
7.320000 1.105892 0.186771
7.330000 1.003976 0.006891
7.340000 0.898447 -0.173013
7.350000 0.789684 -0.352294
7.360000 0.678079 -0.530307
7.370000 0.564034 -0.706412
7.380000 0.447959 -0.879975
7.390000 0.330272 -1.050370
7.400000 0.211396 -1.216986
7.410000 0.091760 -1.379221
7.420000 -0.028207 -1.536493
7.430000 -0.148073 -1.688235
7.440000 -0.267405 -1.833902
7.450000 -0.385775 -1.972968
7.460000 -0.502757 -2.104933
7.470000 -0.617929 -2.229324
7.480000 -0.730877 -2.345691
7.490000 -0.841195 -2.453616
7.500000 -0.948486 -2.552711
7.510000 -1.052363 -2.642618
7.520000 -1.152453 -2.723015
7.530000 -1.248395 -2.793613
7.540000 -1.339845 -2.854156
7.550000 -1.426472 -2.904427
7.560000 -1.507965 -2.944246
7.570000 -1.584032 -2.973468
7.580000 -1.654398 -2.991990
7.590000 -1.718809 -2.999743
7.600000 -1.777035 -2.996700
7.610000 -1.828865 -2.982873
7.620000 -1.874114 -2.958310
7.630000 -1.912618 -2.923101
7.640000 -1.944238 -2.877372
7.650000 -1.968861 -2.821287
7.660000 -1.986398 -2.755049
7.670000 -1.996787 -2.678895
7.680000 -1.999989 -2.593100
7.690000 -1.995993 -2.497973
7.700000 -1.984814 -2.393856
7.710000 -1.966492 -2.281124
7.720000 -1.941093 -2.160182
7.730000 -1.908708 -2.031466
7.740000 -1.869453 -1.895439
7.750000 -1.823470 -1.752590
7.760000 -1.770925 -1.603433
7.770000 -1.712007 -1.448507
7.780000 -1.646927 -1.288367
7.790000 -1.575920 -1.123590
7.800000 -1.499241 -0.954770
7.810000 -1.417167 -0.782513
7.820000 -1.329992 -0.607440
7.830000 -1.238031 -0.430181
7.840000 -1.141614 -0.251374
7.850000 -1.041089 -0.071663
7.860000 -0.936817 0.108307
7.870000 -0.829173 0.287887
7.880000 -0.718546 0.466431
7.890000 -0.605332 0.643296
7.900000 -0.489940 0.817846
7.910000 -0.372784 0.989452
7.920000 -0.254287 1.157498
7.930000 -0.134875 1.321378
7.940000 -0.014977 1.480502
7.950000 0.104975 1.634298
7.960000 0.224548 1.782213
7.970000 0.343314 1.923713
7.980000 0.460844 2.058290
7.990000 0.576716 2.185460
8.000000 0.690512 2.304764
8.010000 0.801823 2.415774
8.020000 0.910248 2.518089
8.030000 1.015397 2.611342
8.040000 1.116892 2.695197
8.050000 1.214368 2.769352
8.060000 1.307473 2.833540
8.070000 1.395872 2.887531
8.080000 1.479248 2.931130
8.090000 1.557300 2.964180
8.100000 1.629748 2.986562
8.110000 1.696330 2.998195
8.120000 1.756807 2.999039
8.130000 1.810962 2.989089
8.140000 1.858599 2.968382
8.150000 1.899547 2.936991
8.160000 1.933659 2.895031
8.170000 1.960812 2.842651
8.180000 1.980908 2.780042
8.190000 1.993875 2.707427
8.200000 1.999666 2.625068
8.210000 1.998260 2.533262
8.220000 1.989663 2.432338
8.230000 1.973905 2.322661
8.240000 1.951043 2.204625
8.250000 1.921160 2.078655
8.260000 1.884363 1.945204
8.270000 1.840784 1.804752
8.280000 1.790580 1.657805
8.290000 1.733931 1.504891
8.300000 1.671043 1.346562
8.310000 1.602141 1.183386
8.320000 1.527472 1.015952
8.330000 1.447307 0.844861
8.340000 1.361932 0.670730
8.350000 1.271657 0.494185
8.360000 1.176804 0.315861
8.370000 1.077717 0.136400
8.380000 0.974750 -0.043551
8.390000 0.868276 -0.223346
8.400000 0.758677 -0.402337
8.410000 0.646347 -0.579880
8.420000 0.531692 -0.755336
8.430000 0.415122 -0.928073
8.440000 0.297059 -1.097471
8.450000 0.177927 -1.262918
8.460000 0.058154 -1.423821
8.470000 -0.061828 -1.579600
8.480000 -0.181587 -1.729693
8.490000 -0.300693 -1.873562
8.500000 -0.418717 -2.010688
8.510000 -0.535234 -2.140577
8.520000 -0.649824 -2.262763
8.530000 -0.762076 -2.376805
8.540000 -0.871585 -2.482293
8.550000 -0.977958 -2.578848
8.560000 -1.080811 -2.666121
8.570000 -1.179774 -2.743800
8.580000 -1.274491 -2.811604
8.590000 -1.364621 -2.869289
8.600000 -1.449841 -2.916647
8.610000 -1.529842 -2.953509
8.620000 -1.604338 -2.979742
8.630000 -1.673059 -2.995250
8.640000 -1.735760 -2.999979
8.650000 -1.792214 -2.993911
8.660000 -1.842217 -2.977069
8.670000 -1.885591 -2.949512
8.680000 -1.922179 -2.911340
8.690000 -1.951848 -2.862691
8.700000 -1.974494 -2.803738
8.710000 -1.990033 -2.734696
8.720000 -1.998410 -2.655811
8.730000 -1.999595 -2.567369
8.740000 -1.993584 -2.469686
8.750000 -1.980398 -2.363116
8.760000 -1.960084 -2.248040
8.770000 -1.932717 -2.124875
8.780000 -1.898394 -1.994062
8.790000 -1.857238 -1.856072
8.800000 -1.809399 -1.711403
8.810000 -1.755048 -1.560574
8.820000 -1.694380 -1.404129
8.830000 -1.627615 -1.242631
8.840000 -1.554991 -1.076661
8.850000 -1.476772 -0.906816
8.860000 -1.393238 -0.733707
8.870000 -1.304689 -0.557958
8.880000 -1.211445 -0.380200
8.890000 -1.113842 -0.201074
8.900000 -1.012229 -0.021225
8.910000 -0.906974 0.158701
8.920000 -0.798455 0.338055
8.930000 -0.687062 0.516193
8.940000 -0.573196 0.692473
8.950000 -0.457267 0.866261
8.960000 -0.339693 1.036932
8.970000 -0.220896 1.203870
8.980000 -0.101304 1.366476
8.990000 0.018652 1.524164
9.000000 0.138541 1.676367
9.010000 0.257932 1.822537
9.020000 0.376394 1.962147
9.030000 0.493502 2.094696
9.040000 0.608834 2.219706
9.050000 0.721974 2.336728
9.060000 0.832516 2.445340
9.070000 0.940062 2.545152
9.080000 1.044225 2.635803
9.090000 1.144630 2.716969
9.100000 1.240915 2.788356
9.110000 1.332735 2.849709
9.120000 1.419758 2.900805
9.130000 1.501671 2.941462
9.140000 1.578180 2.971532
9.150000 1.649009 2.990909
9.160000 1.713904 2.999521
9.170000 1.772630 2.997338
9.180000 1.824977 2.984368
9.190000 1.870756 2.960658
9.200000 1.909802 2.926292
9.210000 1.941975 2.881395
9.220000 1.967159 2.826128
9.230000 1.985263 2.760690
9.240000 1.996223 2.685316
9.250000 1.999998 2.600279
9.260000 1.996575 2.505883
9.270000 1.985967 2.402468
9.280000 1.968212 2.290408
9.290000 1.943373 2.170104
9.300000 1.911540 2.041990
9.310000 1.872827 1.906527
9.320000 1.827375 1.764203
9.330000 1.775346 1.615530
9.340000 1.716927 1.461042
9.350000 1.652330 1.301297
9.360000 1.581786 1.136868
9.370000 1.505549 0.968347
9.380000 1.423893 0.796342
9.390000 1.337114 0.621470
9.400000 1.245522 0.444362
9.410000 1.149448 0.265655
9.420000 1.049236 0.085992
9.430000 0.945249 -0.093981
9.440000 0.837860 -0.273616
9.450000 0.727455 -0.452266
9.460000 0.614433 -0.629288
9.470000 0.499199 -0.804046
9.480000 0.382168 -0.975909
9.490000 0.263762 -1.144261
9.500000 0.144407 -1.308494
9.510000 0.024532 -1.468019
9.520000 -0.095431 -1.622260
9.530000 -0.215050 -1.770662
9.540000 -0.333896 -1.912692
9.550000 -0.451540 -2.047839
9.560000 -0.567559 -2.175615
9.570000 -0.681536 -2.295562
9.580000 -0.793059 -2.407247
9.590000 -0.901729 -2.510269
9.600000 -1.007153 -2.604256
9.610000 -1.108952 -2.688871
9.620000 -1.206761 -2.763809
9.630000 -1.300226 -2.828800
9.640000 -1.389013 -2.883610
9.650000 -1.472800 -2.928043
9.660000 -1.551286 -2.961938
9.670000 -1.624190 -2.985173
9.680000 -1.691248 -2.997664
9.690000 -1.752220 -2.999367
9.700000 -1.806886 -2.990276
9.710000 -1.855048 -2.970423
9.720000 -1.896535 -2.939880
9.730000 -1.931196 -2.898756
9.740000 -1.958907 -2.847200
9.750000 -1.979568 -2.785397
9.760000 -1.993105 -2.713570
9.770000 -1.999468 -2.631977
9.780000 -1.998636 -2.540911
9.790000 -1.990611 -2.440701
9.800000 -1.975421 -2.331707
9.810000 -1.953123 -2.214321
9.820000 -1.923795 -2.088967
9.830000 -1.887543 -1.956094
9.840000 -1.844499 -1.816181
9.850000 -1.794816 -1.669732
9.860000 -1.738674 -1.517274
9.870000 -1.676274 -1.359355
9.880000 -1.607842 -1.196544
9.890000 -1.533623 -1.029427
9.900000 -1.453885 -0.858605
9.910000 -1.368915 -0.684693
9.920000 -1.279018 -0.508317
9.930000 -1.184517 -0.330111
9.940000 -1.085754 -0.150718
9.950000 -0.983083 0.029218
9.960000 -0.876875 0.209049
9.970000 -0.767510 0.388128
9.980000 -0.655383 0.565809
9.990000 -0.540898 0.741455
