-50.000000 0.196116
-49.900000 0.196494
-49.800000 0.196873
-49.700000 0.197254
-49.600000 0.197636
-49.500000 0.198020
-49.400000 0.198405
-49.300000 0.198791
-49.200000 0.199179
-49.100000 0.199569
-49.000000 0.199960
-48.900000 0.200353
-48.800000 0.200747
-48.700000 0.201142
-48.600000 0.201539
-48.500000 0.201938
-48.400000 0.202338
-48.300000 0.202740
-48.200000 0.203143
-48.100000 0.203548
-48.000000 0.203954
-47.900000 0.204362
-47.800000 0.204772
-47.700000 0.205183
-47.600000 0.205596
-47.500000 0.206010
-47.400000 0.206427
-47.300000 0.206844
-47.200000 0.207264
-47.100000 0.207685
-47.000000 0.208108
-46.900000 0.208532
-46.800000 0.208958
-46.700000 0.209386
-46.600000 0.209816
-46.500000 0.210247
-46.400000 0.210680
-46.300000 0.211115
-46.200000 0.211551
-46.100000 0.211990
-46.000000 0.212430
-45.900000 0.212872
-45.800000 0.213315
-45.700000 0.213761
-45.600000 0.214208
-45.500000 0.214657
-45.400000 0.215108
-45.300000 0.215561
-45.200000 0.216015
-45.100000 0.216472
-45.000000 0.216930
-44.900000 0.217391
-44.800000 0.217853
-44.700000 0.218317
-44.600000 0.218783
-44.500000 0.219251
-44.400000 0.219721
-44.300000 0.220193
-44.200000 0.220667
-44.100000 0.221143
-44.000000 0.221621
-43.900000 0.222101
-43.800000 0.222583
-43.700000 0.223067
-43.600000 0.223553
-43.500000 0.224041
-43.400000 0.224532
-43.300000 0.225024
-43.200000 0.225518
-43.100000 0.226015
-43.000000 0.226513
-42.900000 0.227014
-42.800000 0.227517
-42.700000 0.228022
-42.600000 0.228530
-42.500000 0.229039
-42.400000 0.229551
-42.300000 0.230065
-42.200000 0.230581
-42.100000 0.231100
-42.000000 0.231621
-41.900000 0.232144
-41.800000 0.232669
-41.700000 0.233197
-41.600000 0.233727
-41.500000 0.234259
-41.400000 0.234794
-41.300000 0.235331
-41.200000 0.235870
-41.100000 0.236412
-41.000000 0.236956
-40.900000 0.237503
-40.800000 0.238052
-40.700000 0.238604
-40.600000 0.239158
-40.500000 0.239714
-40.400000 0.240274
-40.300000 0.240835
-40.200000 0.241399
-40.100000 0.241966
-40.000000 0.242536
-39.900000 0.243108
-39.800000 0.243682
-39.700000 0.244259
-39.600000 0.244839
-39.500000 0.245422
-39.400000 0.246007
-39.300000 0.246595
-39.200000 0.247186
-39.100000 0.247779
-39.000000 0.248375
-38.900000 0.248974
-38.800000 0.249576
-38.700000 0.250181
-38.600000 0.250788
-38.500000 0.251398
-38.400000 0.252012
-38.300000 0.252628
-38.200000 0.253247
-38.100000 0.253868
-38.000000 0.254493
-37.900000 0.255121
-37.800000 0.255752
-37.700000 0.256386
-37.600000 0.257023
-37.500000 0.257663
-37.400000 0.258306
-37.300000 0.258952
-37.200000 0.259601
-37.100000 0.260253
-37.000000 0.260909
-36.900000 0.261568
-36.800000 0.262230
-36.700000 0.262895
-36.600000 0.263563
-36.500000 0.264235
-36.400000 0.264910
-36.300000 0.265589
-36.200000 0.266270
-36.100000 0.266955
-36.000000 0.267644
-35.900000 0.268336
-35.800000 0.269031
-35.700000 0.269730
-35.600000 0.270432
-35.500000 0.271138
-35.400000 0.271848
-35.300000 0.272561
-35.200000 0.273277
-35.100000 0.273997
-35.000000 0.274721
-34.900000 0.275449
-34.800000 0.276180
-34.700000 0.276915
-34.600000 0.277654
-34.500000 0.278396
-34.400000 0.279142
-34.300000 0.279893
-34.200000 0.280647
-34.100000 0.281404
-34.000000 0.282166
-33.900000 0.282932
-33.800000 0.283702
-33.700000 0.284476
-33.600000 0.285254
-33.500000 0.286036
-33.400000 0.286822
-33.300000 0.287612
-33.200000 0.288406
-33.100000 0.289205
-33.000000 0.290007
-32.900000 0.290814
-32.800000 0.291626
-32.700000 0.292441
-32.600000 0.293261
-32.500000 0.294086
-32.400000 0.294915
-32.300000 0.295748
-32.200000 0.296586
-32.100000 0.297428
-32.000000 0.298275
-31.900000 0.299126
-31.800000 0.299983
-31.700000 0.300843
-31.600000 0.301709
-31.500000 0.302579
-31.400000 0.303454
-31.300000 0.304334
-31.200000 0.305219
-31.100000 0.306108
-31.000000 0.307003
-30.900000 0.307902
-30.800000 0.308807
-30.700000 0.309716
-30.600000 0.310631
-30.500000 0.311551
-30.400000 0.312476
-30.300000 0.313406
-30.200000 0.314341
-30.100000 0.315282
-30.000000 0.316228
-29.900000 0.317179
-29.800000 0.318136
-29.700000 0.319098
-29.600000 0.320066
-29.500000 0.321039
-29.400000 0.322018
-29.300000 0.323003
-29.200000 0.323993
-29.100000 0.324989
-29.000000 0.325991
-28.900000 0.326998
-28.800000 0.328012
-28.700000 0.329031
-28.600000 0.330056
-28.500000 0.331088
-28.400000 0.332125
-28.300000 0.333169
-28.200000 0.334218
-28.100000 0.335274
-28.000000 0.336336
-27.900000 0.337405
-27.800000 0.338480
-27.700000 0.339561
-27.600000 0.340649
-27.500000 0.341743
-27.400000 0.342844
-27.300000 0.343951
-27.200000 0.345066
-27.100000 0.346187
-27.000000 0.347314
-26.900000 0.348449
-26.800000 0.349591
-26.700000 0.350739
-26.600000 0.351895
-26.500000 0.353057
-26.400000 0.354227
-26.300000 0.355404
-26.200000 0.356588
-26.100000 0.357780
-26.000000 0.358979
-25.900000 0.360186
-25.800000 0.361400
-25.700000 0.362621
-25.600000 0.363851
-25.500000 0.365088
-25.400000 0.366332
-25.300000 0.367585
-25.200000 0.368846
-25.100000 0.370114
-25.000000 0.371391
-24.900000 0.372675
-24.800000 0.373968
-24.700000 0.375270
-24.600000 0.376579
-24.500000 0.377897
-24.400000 0.379223
-24.300000 0.380558
-24.200000 0.381902
-24.100000 0.383254
-24.000000 0.384615
-23.900000 0.385985
-23.800000 0.387364
-23.700000 0.388752
-23.600000 0.390149
-23.500000 0.391555
-23.400000 0.392971
-23.300000 0.394395
-23.200000 0.395829
-23.100000 0.397273
-23.000000 0.398726
-22.900000 0.400189
-22.800000 0.401661
-22.700000 0.403144
-22.600000 0.404636
-22.500000 0.406138
-22.400000 0.407651
-22.300000 0.409173
-22.200000 0.410706
-22.100000 0.412249
-22.000000 0.413803
-21.900000 0.415367
-21.800000 0.416942
-21.700000 0.418527
-21.600000 0.420124
-21.500000 0.421731
-21.400000 0.423349
-21.300000 0.424978
-21.200000 0.426619
-21.100000 0.428270
-21.000000 0.429934
-20.900000 0.431608
-20.800000 0.433294
-20.700000 0.434992
-20.600000 0.436702
-20.500000 0.438424
-20.400000 0.440157
-20.300000 0.441903
-20.200000 0.443661
-20.100000 0.445431
-20.000000 0.447214
-19.900000 0.449009
-19.800000 0.450816
-19.700000 0.452637
-19.600000 0.454470
-19.500000 0.456317
-19.400000 0.458176
-19.300000 0.460049
-19.200000 0.461934
-19.100000 0.463834
-19.000000 0.465746
-18.900000 0.467673
-18.800000 0.469613
-18.700000 0.471567
-18.600000 0.473535
-18.500000 0.475517
-18.400000 0.477513
-18.300000 0.479524
-18.200000 0.481549
-18.100000 0.483589
-18.000000 0.485643
-17.900000 0.487712
-17.800000 0.489796
-17.700000 0.491895
-17.600000 0.494009
-17.500000 0.496139
-17.400000 0.498284
-17.300000 0.500444
-17.200000 0.502620
-17.100000 0.504812
-17.000000 0.507020
-16.900000 0.509244
-16.800000 0.511484
-16.700000 0.513740
-16.600000 0.516013
-16.500000 0.518302
-16.400000 0.520607
-16.300000 0.522930
-16.200000 0.525269
-16.100000 0.527626
-16.000000 0.529999
-15.900000 0.532390
-15.800000 0.534798
-15.700000 0.537223
-15.600000 0.539666
-15.500000 0.542127
-15.400000 0.544605
-15.300000 0.547102
-15.200000 0.549617
-15.100000 0.552149
-15.000000 0.554700
-14.900000 0.557270
-14.800000 0.559857
-14.700000 0.562464
-14.600000 0.565089
-14.500000 0.567733
-14.400000 0.570396
-14.300000 0.573078
-14.200000 0.575779
-14.100000 0.578499
-14.000000 0.581238
-13.900000 0.583997
-13.800000 0.586775
-13.700000 0.589573
-13.600000 0.592390
-13.500000 0.595228
-13.400000 0.598084
-13.300000 0.600961
-13.200000 0.603858
-13.100000 0.606774
-13.000000 0.609711
-12.900000 0.612667
-12.800000 0.615644
-12.700000 0.618641
-12.600000 0.621658
-12.500000 0.624695
-12.400000 0.627752
-12.300000 0.630830
-12.200000 0.633928
-12.100000 0.637046
-12.000000 0.640184
-11.900000 0.643343
-11.800000 0.646522
-11.700000 0.649721
-11.600000 0.652940
-11.500000 0.656179
-11.400000 0.659438
-11.300000 0.662717
-11.200000 0.666016
-11.100000 0.669334
-11.000000 0.672673
-10.900000 0.676031
-10.800000 0.679408
-10.700000 0.682805
-10.600000 0.686220
-10.500000 0.689655
-10.400000 0.693109
-10.300000 0.696581
-10.200000 0.700071
-10.100000 0.703580
-10.000000 0.707107
-9.900000 0.710651
-9.800000 0.714213
-9.700000 0.717792
-9.600000 0.721387
-9.500000 0.724999
-9.400000 0.728628
-9.300000 0.732272
-9.200000 0.735931
-9.100000 0.739605
-9.000000 0.743294
-8.900000 0.746997
-8.800000 0.750714
-8.700000 0.754443
-8.600000 0.758185
-8.500000 0.761939
-8.400000 0.765705
-8.300000 0.769481
-8.200000 0.773268
-8.100000 0.777064
-8.000000 0.780869
-7.900000 0.784682
-7.800000 0.788502
-7.700000 0.792329
-7.600000 0.796162
-7.500000 0.800000
-7.400000 0.803842
-7.300000 0.807687
-7.200000 0.811534
-7.100000 0.815383
-7.000000 0.819232
-6.900000 0.823080
-6.800000 0.826927
-6.700000 0.830770
-6.600000 0.834609
-6.500000 0.838444
-6.400000 0.842271
-6.300000 0.846092
-6.200000 0.849903
-6.100000 0.853704
-6.000000 0.857493
-5.900000 0.861269
-5.800000 0.865031
-5.700000 0.868777
-5.600000 0.872506
-5.500000 0.876216
-5.400000 0.879905
-5.300000 0.883573
-5.200000 0.887217
-5.100000 0.890835
-5.000000 0.894427
-4.900000 0.897990
-4.800000 0.901523
-4.700000 0.905024
-4.600000 0.908490
-4.500000 0.911922
-4.400000 0.915315
-4.300000 0.918669
-4.200000 0.921982
-4.100000 0.925252
-4.000000 0.928477
-3.900000 0.931655
-3.800000 0.934784
-3.700000 0.937862
-3.600000 0.940887
-3.500000 0.943858
-3.400000 0.946773
-3.300000 0.949629
-3.200000 0.952424
-3.100000 0.955157
-3.000000 0.957826
-2.900000 0.960429
-2.800000 0.962964
-2.700000 0.965429
-2.600000 0.967823
-2.500000 0.970143
-2.400000 0.972387
-2.300000 0.974555
-2.200000 0.976644
-2.100000 0.978653
-2.000000 0.980581
-1.900000 0.982424
-1.800000 0.984183
-1.700000 0.985856
-1.600000 0.987441
-1.500000 0.988936
-1.400000 0.990342
-1.300000 0.991656
-1.200000 0.992877
-1.100000 0.994004
-1.000000 0.995037
-0.900000 0.995974
-0.800000 0.996815
-0.700000 0.997559
-0.600000 0.998205
-0.500000 0.998752
-0.400000 0.999201
-0.300000 0.999550
-0.200000 0.999800
-0.100000 0.999950
0.000000 1.000000
0.100000 0.999950
0.200000 0.999800
0.300000 0.999550
0.400000 0.999201
0.500000 0.998752
0.600000 0.998205
0.700000 0.997559
0.800000 0.996815
0.900000 0.995974
1.000000 0.995037
1.100000 0.994004
1.200000 0.992877
1.300000 0.991656
1.400000 0.990342
1.500000 0.988936
1.600000 0.987441
1.700000 0.985856
1.800000 0.984183
1.900000 0.982424
2.000000 0.980581
2.100000 0.978653
2.200000 0.976644
2.300000 0.974555
2.400000 0.972387
2.500000 0.970143
2.600000 0.967823
2.700000 0.965429
2.800000 0.962964
2.900000 0.960429
3.000000 0.957826
3.100000 0.955157
3.200000 0.952424
3.300000 0.949629
3.400000 0.946773
3.500000 0.943858
3.600000 0.940887
3.700000 0.937862
3.800000 0.934784
3.900000 0.931655
4.000000 0.928477
4.100000 0.925252
4.200000 0.921982
4.300000 0.918669
4.400000 0.915315
4.500000 0.911922
4.600000 0.908490
4.700000 0.905024
4.800000 0.901523
4.900000 0.897990
5.000000 0.894427
5.100000 0.890835
5.200000 0.887217
5.300000 0.883573
5.400000 0.879905
5.500000 0.876216
5.600000 0.872506
5.700000 0.868777
5.800000 0.865031
5.900000 0.861269
6.000000 0.857493
6.100000 0.853704
6.200000 0.849903
6.300000 0.846092
6.400000 0.842271
6.500000 0.838444
6.600000 0.834609
6.700000 0.830770
6.800000 0.826927
6.900000 0.823080
7.000000 0.819232
7.100000 0.815383
7.200000 0.811534
7.300000 0.807687
7.400000 0.803842
7.500000 0.800000
7.600000 0.796162
7.700000 0.792329
7.800000 0.788502
7.900000 0.784682
8.000000 0.780869
8.100000 0.777064
8.200000 0.773268
8.300000 0.769481
8.400000 0.765705
8.500000 0.761939
8.600000 0.758185
8.700000 0.754443
8.800000 0.750714
8.900000 0.746997
9.000000 0.743294
9.100000 0.739605
9.200000 0.735931
9.300000 0.732272
9.400000 0.728628
9.500000 0.724999
9.600000 0.721387
9.700000 0.717792
9.800000 0.714213
9.900000 0.710651
10.000000 0.707107
10.100000 0.703580
10.200000 0.700071
10.300000 0.696581
10.400000 0.693109
10.500000 0.689655
10.600000 0.686220
10.700000 0.682805
10.800000 0.679408
10.900000 0.676031
11.000000 0.672673
11.100000 0.669334
11.200000 0.666016
11.300000 0.662717
11.400000 0.659438
11.500000 0.656179
11.600000 0.652940
11.700000 0.649721
11.800000 0.646522
11.900000 0.643343
12.000000 0.640184
12.100000 0.637046
12.200000 0.633928
12.300000 0.630830
12.400000 0.627752
12.500000 0.624695
12.600000 0.621658
12.700000 0.618641
12.800000 0.615644
12.900000 0.612667
13.000000 0.609711
13.100000 0.606774
13.200000 0.603858
13.300000 0.600961
13.400000 0.598084
13.500000 0.595228
13.600000 0.592390
13.700000 0.589573
13.800000 0.586775
13.900000 0.583997
14.000000 0.581238
14.100000 0.578499
14.200000 0.575779
14.300000 0.573078
14.400000 0.570396
14.500000 0.567733
14.600000 0.565089
14.700000 0.562464
14.800000 0.559857
14.900000 0.557270
15.000000 0.554700
15.100000 0.552149
15.200000 0.549617
15.300000 0.547102
15.400000 0.544605
15.500000 0.542127
15.600000 0.539666
15.700000 0.537223
15.800000 0.534798
15.900000 0.532390
16.000000 0.529999
16.100000 0.527626
16.200000 0.525269
16.300000 0.522930
16.400000 0.520607
16.500000 0.518302
16.600000 0.516013
16.700000 0.513740
16.800000 0.511484
16.900000 0.509244
17.000000 0.507020
17.100000 0.504812
17.200000 0.502620
17.300000 0.500444
17.400000 0.498284
17.500000 0.496139
17.600000 0.494009
17.700000 0.491895
17.800000 0.489796
17.900000 0.487712
18.000000 0.485643
18.100000 0.483589
18.200000 0.481549
18.300000 0.479524
18.400000 0.477513
18.500000 0.475517
18.600000 0.473535
18.700000 0.471567
18.800000 0.469613
18.900000 0.467673
19.000000 0.465746
19.100000 0.463834
19.200000 0.461934
19.300000 0.460049
19.400000 0.458176
19.500000 0.456317
19.600000 0.454470
19.700000 0.452637
19.800000 0.450816
19.900000 0.449009
20.000000 0.447214
20.100000 0.445431
20.200000 0.443661
20.300000 0.441903
20.400000 0.440157
20.500000 0.438424
20.600000 0.436702
20.700000 0.434992
20.800000 0.433294
20.900000 0.431608
21.000000 0.429934
21.100000 0.428270
21.200000 0.426619
21.300000 0.424978
21.400000 0.423349
21.500000 0.421731
21.600000 0.420124
21.700000 0.418527
21.800000 0.416942
21.900000 0.415367
22.000000 0.413803
22.100000 0.412249
22.200000 0.410706
22.300000 0.409173
22.400000 0.407651
22.500000 0.406138
22.600000 0.404636
22.700000 0.403144
22.800000 0.401661
22.900000 0.400189
23.000000 0.398726
23.100000 0.397273
23.200000 0.395829
23.300000 0.394395
23.400000 0.392971
23.500000 0.391555
23.600000 0.390149
23.700000 0.388752
23.800000 0.387364
23.900000 0.385985
24.000000 0.384615
24.100000 0.383254
24.200000 0.381902
24.300000 0.380558
24.400000 0.379223
24.500000 0.377897
24.600000 0.376579
24.700000 0.375270
24.800000 0.373968
24.900000 0.372675
25.000000 0.371391
25.100000 0.370114
25.200000 0.368846
25.300000 0.367585
25.400000 0.366332
25.500000 0.365088
25.600000 0.363851
25.700000 0.362621
25.800000 0.361400
25.900000 0.360186
26.000000 0.358979
26.100000 0.357780
26.200000 0.356588
26.300000 0.355404
26.400000 0.354227
26.500000 0.353057
26.600000 0.351895
26.700000 0.350739
26.800000 0.349591
26.900000 0.348449
27.000000 0.347314
27.100000 0.346187
27.200000 0.345066
27.300000 0.343951
27.400000 0.342844
27.500000 0.341743
27.600000 0.340649
27.700000 0.339561
27.800000 0.338480
27.900000 0.337405
28.000000 0.336336
28.100000 0.335274
28.200000 0.334218
28.300000 0.333169
28.400000 0.332125
28.500000 0.331088
28.600000 0.330056
28.700000 0.329031
28.800000 0.328012
28.900000 0.326998
29.000000 0.325991
29.100000 0.324989
29.200000 0.323993
29.300000 0.323003
29.400000 0.322018
29.500000 0.321039
29.600000 0.320066
29.700000 0.319098
29.800000 0.318136
29.900000 0.317179
30.000000 0.316228
30.100000 0.315282
30.200000 0.314341
30.300000 0.313406
30.400000 0.312476
30.500000 0.311551
30.600000 0.310631
30.700000 0.309716
30.800000 0.308807
30.900000 0.307902
31.000000 0.307003
31.100000 0.306108
31.200000 0.305219
31.300000 0.304334
31.400000 0.303454
31.500000 0.302579
31.600000 0.301709
31.700000 0.300843
31.800000 0.299983
31.900000 0.299126
32.000000 0.298275
32.100000 0.297428
32.200000 0.296586
32.300000 0.295748
32.400000 0.294915
32.500000 0.294086
32.600000 0.293261
32.700000 0.292441
32.800000 0.291626
32.900000 0.290814
33.000000 0.290007
33.100000 0.289205
33.200000 0.288406
33.300000 0.287612
33.400000 0.286822
33.500000 0.286036
33.600000 0.285254
33.700000 0.284476
33.800000 0.283702
33.900000 0.282932
34.000000 0.282166
34.100000 0.281404
34.200000 0.280647
34.300000 0.279893
34.400000 0.279142
34.500000 0.278396
34.600000 0.277654
34.700000 0.276915
34.800000 0.276180
34.900000 0.275449
35.000000 0.274721
35.100000 0.273997
35.200000 0.273277
35.300000 0.272561
35.400000 0.271848
35.500000 0.271138
35.600000 0.270432
35.700000 0.269730
35.800000 0.269031
35.900000 0.268336
36.000000 0.267644
36.100000 0.266955
36.200000 0.266270
36.300000 0.265589
36.400000 0.264910
36.500000 0.264235
36.600000 0.263563
36.700000 0.262895
36.800000 0.262230
36.900000 0.261568
37.000000 0.260909
37.100000 0.260253
37.200000 0.259601
37.300000 0.258952
37.400000 0.258306
37.500000 0.257663
37.600000 0.257023
37.700000 0.256386
37.800000 0.255752
37.900000 0.255121
38.000000 0.254493
38.100000 0.253868
38.200000 0.253247
38.300000 0.252628
38.400000 0.252012
38.500000 0.251398
38.600000 0.250788
38.700000 0.250181
38.800000 0.249576
38.900000 0.248974
39.000000 0.248375
39.100000 0.247779
39.200000 0.247186
39.300000 0.246595
39.400000 0.246007
39.500000 0.245422
39.600000 0.244839
39.700000 0.244259
39.800000 0.243682
39.900000 0.243108
40.000000 0.242536
40.100000 0.241966
40.200000 0.241399
40.300000 0.240835
40.400000 0.240274
40.500000 0.239714
40.600000 0.239158
40.700000 0.238604
40.800000 0.238052
40.900000 0.237503
41.000000 0.236956
41.100000 0.236412
41.200000 0.235870
41.300000 0.235331
41.400000 0.234794
41.500000 0.234259
41.600000 0.233727
41.700000 0.233197
41.800000 0.232669
41.900000 0.232144
42.000000 0.231621
42.100000 0.231100
42.200000 0.230581
42.300000 0.230065
42.400000 0.229551
42.500000 0.229039
42.600000 0.228530
42.700000 0.228022
42.800000 0.227517
42.900000 0.227014
43.000000 0.226513
43.100000 0.226015
43.200000 0.225518
43.300000 0.225024
43.400000 0.224532
43.500000 0.224041
43.600000 0.223553
43.700000 0.223067
43.800000 0.222583
43.900000 0.222101
44.000000 0.221621
44.100000 0.221143
44.200000 0.220667
44.300000 0.220193
44.400000 0.219721
44.500000 0.219251
44.600000 0.218783
44.700000 0.218317
44.800000 0.217853
44.900000 0.217391
45.000000 0.216930
45.100000 0.216472
45.200000 0.216015
45.300000 0.215561
45.400000 0.215108
45.500000 0.214657
45.600000 0.214208
45.700000 0.213761
45.800000 0.213315
45.900000 0.212872
46.000000 0.212430
46.100000 0.211990
46.200000 0.211551
46.300000 0.211115
46.400000 0.210680
46.500000 0.210247
46.600000 0.209816
46.700000 0.209386
46.800000 0.208958
46.900000 0.208532
47.000000 0.208108
47.100000 0.207685
47.200000 0.207264
47.300000 0.206844
47.400000 0.206427
47.500000 0.206010
47.600000 0.205596
47.700000 0.205183
47.800000 0.204772
47.900000 0.204362
48.000000 0.203954
48.100000 0.203548
48.200000 0.203143
48.300000 0.202740
48.400000 0.202338
48.500000 0.201938
48.600000 0.201539
48.700000 0.201142
48.800000 0.200747
48.900000 0.200353
49.000000 0.199960
49.100000 0.199569
49.200000 0.199179
49.300000 0.198791
49.400000 0.198405
49.500000 0.198020
49.600000 0.197636
49.700000 0.197254
49.800000 0.196873
49.900000 0.196494
