0.000000 2.000000 -6.320000 1.999000 -2.000000
0.025000 1.813162 -5.729592 1.018453 -4.321253
0.050000 1.287557 -4.068679 0.253489 -4.552753
0.075000 0.521387 -1.647583 0.821249 0.426880
0.100000 -0.342198 1.081345 0.124067 1.814863
0.125000 -1.141847 3.608236 -1.408074 0.298875
0.150000 -1.728156 5.460972 -1.150571 3.550356
0.175000 -1.991580 6.293391 -0.646846 6.237239
0.200000 -1.882901 5.949966 -1.564807 2.884971
0.225000 -1.422425 4.494862 -1.432958 1.386896
0.250000 -0.696186 2.199947 0.121884 3.279851
0.275000 0.160127 -0.506002 0.305827 0.300478
0.300000 0.986522 -3.117410 -0.033339 -4.207307
0.325000 1.628597 -5.146368 1.220099 -2.916713
0.350000 1.966389 -6.213789 1.900436 -2.171665
0.375000 1.936784 -6.120238 0.815794 -5.475594
0.400000 1.545315 -4.883195 0.644751 -4.388288
0.425000 0.865122 -2.733786 1.218097 0.251500
0.450000 0.023292 -0.073602 0.055639 0.078951
0.475000 -0.822891 2.600334 -1.210921 -0.404425
0.500000 -1.515326 4.788429 -0.695106 4.104491
0.525000 -1.924640 6.081863 -0.751355 5.628699
0.550000 -1.974359 6.238975 -1.864455 2.318494
0.575000 -1.655193 5.230410 -1.315125 2.727052
0.600000 -1.026774 3.244605 0.005266 4.285976
0.625000 -0.206514 0.652586 -0.258012 0.043478
0.650000 0.652330 -2.061362 -0.189208 -3.310214
0.675000 1.389294 -4.390169 1.352488 -1.503392
0.700000 1.866685 -5.898726 1.622602 -2.634939
0.725000 1.995309 -6.305177 0.672965 -6.170223
0.750000 1.751133 -5.533582 1.085126 -3.852677
0.775000 1.179780 -3.728104 1.450562 -0.322356
0.800000 0.387998 -1.226075 -0.022328 -1.683848
0.825000 -0.476276 1.505032 -0.845704 -0.691719
0.850000 -1.251564 3.954941 -0.273727 4.339149
0.875000 -1.793012 5.665918 -0.928599 4.521370
0.900000 -1.999457 6.318286 -1.993884 2.013908
0.925000 -1.832329 5.790158 -1.110093 4.111403
0.950000 -1.322851 4.180210 -0.241065 4.738764
0.975000 -0.566215 1.789239 -0.789945 -0.141574
1.000000 0.296212 -0.936029 -0.221062 -1.930115
1.025000 1.103295 -3.486411 1.356027 -0.303022
1.050000 1.704240 -5.385400 1.215212 -3.246677
1.075000 1.986769 -6.278191 0.629265 -6.272789
1.100000 1.898095 -5.997979 1.501799 -3.147228
1.125000 1.454784 -4.597116 1.505994 -1.290680
1.150000 0.739664 -2.337338 -0.046726 -3.223166
1.175000 -0.113653 0.359144 -0.350792 -0.635788
1.200000 -0.945735 2.988524 0.052253 4.097477
1.225000 -1.601118 5.059534 -1.122422 3.111075
1.250000 -1.957352 6.185232 -1.927264 2.049325
1.275000 -1.947878 6.155293 -0.885932 5.300112
1.300000 -1.574466 4.975312 -0.599029 4.653960
1.325000 -0.906884 2.865755 -1.215922 -0.070982
1.350000 -0.069862 0.220765 -0.166348 -0.235103
1.375000 0.780213 -2.465472 1.194121 0.528803
1.400000 1.484514 -4.691065 0.749128 -3.805688
1.425000 1.911452 -6.040189 0.693407 -5.756955
1.450000 1.981259 -6.260777 1.819890 -2.487987
1.475000 1.680891 -5.311614 1.406412 -2.545476
1.500000 1.066469 -3.370041 0.031928 -4.333507
1.525000 0.252790 -0.798815 0.208421 -0.392578
1.550000 -0.608120 1.921659 0.248147 3.312612
1.575000 -1.355410 4.283094 -1.265413 1.637620
1.600000 -1.849457 5.844285 -1.674236 2.400163
1.625000 -1.997956 6.313542 -0.707289 6.072780
1.650000 -1.773161 5.603190 -1.019991 4.150068
1.675000 -1.217072 3.845949 -1.483232 0.374194
1.700000 -0.433588 1.370139 -0.083142 1.540171
1.725000 0.430907 -1.361665 0.862571 0.933658
1.750000 1.214892 -3.839058 0.301180 -4.099926
1.775000 1.771889 -5.599169 0.841605 -4.708405
1.800000 1.997830 -6.313144 1.978603 -2.055425
1.825000 1.850501 -5.847583 1.202410 -3.895278
1.850000 1.357428 -4.289472 0.236939 -4.895571
1.875000 0.610736 -1.929926 0.752622 -0.161471
1.900000 -0.250065 0.790205 0.312365 2.026718
1.925000 -1.064144 3.362695 -1.294806 0.333667
1.950000 -1.679401 5.306906 -1.277937 2.945208
1.975000 -1.980882 6.259586 -0.620422 6.276245
2.000000 -1.912259 6.042737 -1.434589 3.418477
2.025000 -1.486353 4.696877 -1.570865 1.216984
2.050000 -0.782741 2.473461 -0.035601 3.142160
2.075000 0.067117 -0.212091 0.391870 0.959074
2.100000 0.904435 -2.858016 -0.062105 -3.956880
2.125000 1.572771 -4.969956 1.023213 -3.306663
2.150000 1.947253 -6.153319 1.944483 -1.952927
2.175000 1.957914 -6.187009 0.960890 -5.105008
2.200000 1.602763 -5.064731 0.558835 -4.898616
2.225000 0.948155 -2.996169 1.204796 -0.135777
2.250000 0.116395 -0.367809 0.275354 0.386034
2.275000 -0.737111 2.329272 -1.167557 -0.624087
2.300000 -1.452897 4.591156 -0.805793 3.495187
2.325000 -1.897227 5.995238 -0.642641 5.858208
2.350000 -1.987083 6.279182 -1.767424 2.677975
2.375000 -1.705676 5.389937 -1.492912 2.375230
2.400000 -1.105585 3.493647 -0.078076 4.350344
2.425000 -0.298928 0.944612 -0.158153 0.743246
2.450000 0.563580 -1.780913 -0.298269 -3.285780
2.475000 1.320790 -4.173696 1.172649 -1.786767
2.500000 1.831226 -5.786674 1.718837 -2.183435
2.525000 1.999520 -6.318482 0.749364 -5.946341
2.550000 1.794227 -5.669758 0.956269 -4.438998
2.575000 1.253705 -3.961708 1.505959 -0.454706
2.600000 0.478943 -1.513460 0.191273 -1.387105
2.625000 -0.385303 1.217559 -0.871216 -1.150589
2.650000 -1.177561 3.721092 -0.335143 3.837395
2.675000 -1.749805 5.529384 -0.758499 4.879162
2.700000 -1.995119 6.304577 -1.953355 2.123925
2.725000 -1.867670 5.901836 -1.294280 3.676396
2.750000 -1.391268 4.396408 -0.241473 5.021952
2.775000 -0.654926 2.069565 -0.710193 0.479270
2.800000 0.203782 -0.643952 -0.397112 -2.102041
2.825000 1.024416 -3.237154 1.224919 -0.389291
2.850000 1.653650 -5.225533 1.337653 -2.649457
2.875000 1.973919 -6.237584 0.620391 -6.247395
2.900000 1.925385 -6.084218 1.364240 -3.695332
2.925000 1.517117 -4.794089 1.626943 -1.167715
2.950000 0.825393 -2.608242 0.124330 -3.039162
2.975000 -0.020545 0.064923 -0.428078 -1.267125
3.000000 -0.862645 2.725958 0.063122 3.786324
3.025000 -1.543570 4.877681 -0.923606 3.499964
3.050000 -1.936097 6.118068 -1.951766 1.883533
3.075000 -1.966888 6.215368 -1.039712 4.893279
3.100000 -1.630190 5.151401 -0.524977 5.119636
3.125000 -0.988911 3.124957 -1.185235 0.367044
3.150000 -0.162865 0.514653 -0.381549 -0.528344
3.175000 0.693610 -2.191808 1.131219 0.690150
3.200000 1.420492 -4.488756 0.864033 -3.176433
3.225000 1.881973 -5.947034 0.599638 -5.930651
3.250000 1.991829 -6.294181 1.707840 -2.885972
3.275000 1.729537 -5.465336 1.573639 -2.219376
3.300000 1.144101 -3.615359 0.132879 -4.337340
3.325000 0.344904 -1.089895 0.108316 -1.091880
3.350000 -0.518735 1.639202 0.339268 3.228851
3.375000 -1.285454 4.062034 -1.075184 1.947790
3.400000 -1.812001 5.725924 -1.755623 1.987269
3.425000 -1.999998 6.319994 -0.798617 5.792712
3.450000 -1.814320 5.733250 -0.895032 4.716026
3.475000 -1.289657 4.075317 -1.518747 0.563789
3.500000 -0.524038 1.655960 -0.300961 1.228044
3.525000 0.339491 -1.072793 0.871115 1.340757
3.550000 1.139591 -3.601107 0.374812 -3.554177
3.575000 1.726772 -5.456598 0.680242 -5.030647
3.600000 1.991326 -6.292590 1.918469 -2.218379
3.625000 1.883825 -5.952887 1.384572 -3.458285
3.650000 1.424354 -4.500959 0.254903 -5.117089
3.675000 0.698760 -2.208081 0.663638 -0.808626
3.700000 -0.157389 0.497350 0.474530 2.153745
3.725000 -0.984132 3.109857 -1.146990 0.468014
3.750000 -1.627002 5.141325 -1.393301 2.362828
3.775000 -1.965886 6.212199 -0.629109 6.186446
3.800000 -1.937468 6.122398 -1.291847 3.974302
3.825000 -1.547057 4.888701 -1.673719 1.144415
3.850000 -0.867598 2.741609 -0.218600 2.916793
3.875000 -0.026038 0.082281 0.458503 1.556947
3.900000 0.820386 -2.592421 -0.055656 -3.587025
3.925000 1.513532 -4.782760 0.824730 -3.687471
3.950000 1.923892 -6.079498 1.948911 -1.841800
3.975000 1.974796 -6.240355 1.121378 -4.668125
4.000000 1.656733 -5.235277 0.498170 -5.314702
4.025000 1.029130 -3.252051 1.157873 -0.620730
4.050000 0.209246 -0.661218 0.483862 0.658757
4.075000 -0.649733 2.053155 -1.085229 -0.727283
4.100000 -1.387317 4.383921 -0.922750 2.852966
4.125000 -1.865698 5.895604 -0.564865 5.972849
4.150000 -1.995495 6.305765 -1.642010 3.109212
4.175000 -1.752459 5.537770 -1.647679 2.080752
4.200000 -1.181996 3.735109 -0.195912 4.295751
4.225000 -0.390692 1.234588 -0.060008 1.434902
4.250000 0.473608 -1.496601 -0.370967 -3.141371
4.275000 1.249420 -3.948168 0.974063 -2.117462
4.300000 1.791793 -5.662067 1.783912 -1.813863
4.325000 1.999392 -6.318078 0.854365 -5.614047
4.350000 1.833428 -5.793632 0.837311 -4.977853
4.375000 1.324910 -4.186715 1.521737 -0.700924
4.400000 0.568849 -1.797562 0.411072 -1.066461
4.425000 -0.293495 0.927444 -0.861866 -1.502788
4.450000 -1.101003 3.479169 -0.419301 3.253161
4.475000 -1.702801 5.380852 -0.607724 5.160108
4.500000 -1.986452 6.277189 -1.874396 2.337365
4.525000 -1.898958 6.000708 -1.472170 3.244434
4.550000 -1.456667 4.603068 -0.277333 5.180577
4.575000 -0.742215 2.345400 -0.613994 1.146170
4.600000 0.110911 -0.350478 -0.543947 -2.179818
4.625000 0.943314 -2.980873 1.061750 -0.567617
4.650000 1.599471 -5.054328 1.443872 -2.088574
4.675000 1.956786 -6.183443 0.646385 -6.094025
4.700000 1.948499 -6.157256 1.218526 -4.251835
4.725000 1.576158 -4.980660 1.710804 -1.148243
4.750000 0.909332 -2.873488 0.317470 -2.777936
4.775000 0.072607 -0.229439 -0.482308 -1.825798
4.800000 -0.777683 2.457477 0.040185 3.360581
4.825000 -1.482672 4.685244 -0.727700 3.865734
4.850000 -1.910642 6.037629 -1.935853 1.827969
4.875000 -1.981632 6.261957 -1.204821 4.432906
4.900000 -1.682377 5.316313 -0.479020 5.481835
4.925000 -1.068791 3.377380 -1.123444 0.894422
4.950000 -0.255514 0.807424 -0.581276 -0.774164
4.975000 0.605503 -1.913388 1.029841 0.736190
